187
141
143
170
182
192
179
110
113
123
132
158
119
192
167
128
198
150
172
189
112
176
177
148
185
146
148
109
113
198
128
111
163
102
101
149
141
108
104
129
123
188
147
198
199
179
168
129
129
154
130
131
116
186
144
138
109
104
180
170
160
138
116
105
134
125
166
194
139
157
125
117
121
143
163
110
152
178
141
196
126
191
164
153
127
173
144
139
127
192
132
105
170
180
154
101
136
117
106
136
152
117
149
192
135
133
107
188
192
160
109
159
125
177
191
150
156
120
120
128
102
126
148
168
150
194
174
182
190
136
162
184
198
196
162
146
183
153
136
146
110
194
115
166
149
124
103
149
125
135
175
158
176
157
114
128
192
154
146
177
159
136
181
104
120
175
120
135
128
193
129
157
122
198
160
136
152
158
121
165
167
139
155
198
195
160
183
131
152
118
196
126
180
178
117
170
183
102
194
187
109
116
